11111111111111111111111111111111111111111
12000010100000000000100000000000100000001
11111010101111101111101011111110101111101
10100010101000100000001010000000100010101
10101110101010111111111010111111111010101
10100010000010000000100010000010000010101
10111011111110111111101111111010111110101
10001000100010100010001000001010000000101
10111110101010101010111010101011111111101
10001000101000101000101010101010000000001
10101011111111101111101010101010111111101
10101010000010001000001010101010100010001
11101010111010111011101010111010101110111
10001010101010100010001010001000100010001
10101010101010111010111011101111101011101
10101000101010100010001000101000001000101
10111111101010101111111110101011111110101
10100000001000100000000000101000100010101
10101011111111101111111111101110101010101
10001000000000000000000000100000001010031
11111111111111111111111111111111111111111
