11111111111111111111111111111111111111111
100000000000000000100000000011100000000E1
11111101111011111110111101101100111101111
10000000001001000000000100100001000100001
10111111111111110110110111111101111111111
10000000000000000111110111100001000000011
11101111101111111100001111101101111111011
11100000000001101101100000001101000011011
11101111111100001101111111111011011111011
10001110111101111000000111100000001111011
10110000000101101111110000000111110000011
10110110111101101001110111110111110111111
10000110000100001101111100000000110000111
11101111111111100000001111111111111110111
10001100000000110111100000000000000000111
10111101111110111101101111111011110111111
10000101000000100000100000011011110000011
11101101011111110110111111111000111111001
10000001000000000110110000011110000111111
111111111110111111101001110000001100000S1
11111111111111111111111111111111111111111

