11111111111111111111111111111111111111111
111100000000000E0000000000001111111100001
11110111111110101111111101110000000110101
10001111111100101100000001110111110110101
11010000000001100001011111000001010110101
11010111101111110101010001011011010110101
11010101101110000101110101011011010000101
11000100101111111100000100010011011011101
11011110100001100001111111110101011011101
11000000001100001100000000010101000000001
10101111111111110011111111011100111111111
10101010000011110111111000000010000001001
1010101011101111000S000111111111111100011
10101010100010000110101110000000001101011
10101010111110110010101000111111100111011
10000010000000100110101010000000110000011
11011111111110100010101111011110001111101
10010000000110011000100000000001101000001
10111011101101111111011111111111101111011
10000000100000000000000000000000000000011
11111111111111111111111111111111111111111
