11111111111111111111111111111111111111111
10000000100010000011111111111111111111111
10101111101010111000000000000000000000001
10101000101010111111111111111111111111101
10101010101010100000000000000000000000001
10101010101010101111111111111111111111111
10101010101010100000000000000000000000011
10101010101010111111011111111111111111001
10101010101000111111111111110000000011101
10100010001101000001S00000000111111011101
10111110111111011110111111111110001011101
10000110100001011110110001100010101011101
11010110001111000010110101101010101011101
11110111111111011010110101101010101011101
10000100000000011010110101101000100011101
10101101011111111010110101101111111111101
10101101010001001000010101100000000000001
10100101010101011111110101101111111111111
10111101010101011000000100100000000000001
1E000001000100000111111101111111111111111
11111111111111111111111111111111111111111
